198050 2 155
201729 6 20
201729 22 75
201729 77 126
201729 129 154
201729 156 216
201729 219 244
201727 67 185
194153 1 119
199573 1 22
199572 1 317
199571 1 184
199571 186 360
199571 363 561
199570 1 17
199574 1 53
199574 56 153
199574 156 246
195378 90 117
195378 120 127
195378 130 185
195378 187 204
195378 206 302
195378 305 542
195378 544 565
195378 567 645
195378 647 701
195378 703 734
195378 737 1120
195378 1122 1133
206401 69 90
206401 92 194
206401 197 210
206401 212 249
206401 251 265
206401 267 411
193093 1 33
204577 1 46
204577 49 64
204577 67 105
204577 107 170
204577 173 181
204577 183 193
204577 196 653
204577 656 669
204577 671 740
204577 742 913
204577 915 1057
204577 1059 1115
204577 1117 1287
205111 88 390
205111 392 441
205111 444 449
198954 108 156
198954 159 277
198955 1 45
198955 47 50
198955 53 220
198955 223 269
198955 271 284
198955 286 338
198955 340 580
198955 583 742
198955 744 910
198955 913 946
198955 949 1162
198955 1165 1169
198955 1172 1182
198955 1185 1188
198955 1190 1246
198955 1249 1304
198955 1306 1467
198955 1470 1485
198955 1487 1552
195109 98 241
202060 76 142
202060 144 154
202060 156 244
202060 246 497
202060 499 642
202060 644 682
202060 684 743
202060 746 941
194108 81 161
194108 164 264
194108 266 373
194108 376 396
194108 398 433
194108 436 452
194108 454 577
194108 579 590
194108 593 668
194108 671 875
200244 3 304
200244 307 442
200244 445 507
200244 510 619
200245 1 103
200245 105 128
200245 131 248
200245 251 357
200243 69 103
200243 106 139
194778 60 118
194778 120 219
206331 91 222
206331 225 314
205236 1 190
205236 193 207
205236 209 260
205236 263 331
205236 334 352
194479 1 44
194479 165 232
194479 235 262
194479 265 374
194479 377 431
194479 434 489
194479 492 529
194479 531 566
205233 94 153
203912 1 306
203912 308 566
203912 569 609
203912 611 698
203912 701 820
203912 823 865
203912 867 1033
203912 1035 1321
206102 83 116
206102 120 130
206102 133 208
206102 211 235
206102 238 246
206102 249 278
206102 281 349
205238 1 6
205238 9 199
205238 202 254
205238 256 304
205238 306 355
205238 358 381
205238 384 596
205238 598 621
193575 48 173
193575 176 349
193575 351 394
193575 397 415
193575 417 658
193575 660 752
191264 59 79
191264 82 152
191264 155 189
201229 1 5
201229 8 26
201229 29 77
199739 66 174
195950 1 71
195950 73 138
195950 141 169
195950 172 332
195950 335 350
195950 353 382
195950 385 421
195950 424 450
195950 453 483
195950 485 616
195950 619 715
195950 718 787
195950 789 800
195950 803 829
195950 831 831
195950 833 1587
201824 1 139
201824 141 176
201824 179 286
201824 289 492
199804 78 88
199804 90 181
199804 183 235
199804 238 278
199804 281 290
199804 292 519
199804 522 575
199804 577 628
199804 631 638
191046 1 21
191046 24 82
191046 84 88
191046 92 116
191046 119 180
191046 183 183
191046 185 239
191043 45 47
206208 1 470
206208 472 518
207883 1 1
207883 3 4
207883 7 75
196359 1 2
207885 1 90
207884 1 106
207884 108 183
200091 67 67
200091 70 151
200091 154 172
200091 174 187
200091 190 196
200091 199 201
200091 204 425
200091 428 535
200091 537 607
200091 610 879
200091 881 943
200091 946 999
200091 1001 1025
200091 1027 1132
200091 1135 1339
200091 1341 1433
200091 1435 1450
200091 1453 1523
200091 1526 1664
200091 1667 1680
200091 1683 1710
196452 82 112
196452 114 490
196452 493 586
196452 589 618
196452 622 668
196452 671 716
196452 718 726
196452 728 956
196452 958 1004
196452 1007 1091
207889 1 43
207889 47 57
207889 60 303
207889 306 442
207889 445 445
207889 447 551
207889 553 731
207889 733 907
207889 910 945
196357 1 4
206207 82 130
206207 132 176
206207 179 194
206207 196 388
206207 390 419
206207 422 447
206207 450 569
206207 572 690
202973 1 234
202973 237 305
202973 308 437
202973 439 530
202973 532 541
202973 544 552
202973 555 851
202973 853 1408
200525 77 149
200525 151 164
200525 166 190
200525 193 276
200525 278 311
200525 314 464
200525 467 488
200525 491 674
200525 676 704
200525 707 755
200525 757 895
200525 898 937
200525 939 990
205303 35 54
205303 90 132
205303 135 153
199608 60 157
199608 159 209
199608 211 341
199608 344 390
199608 392 461
199608 464 800
199608 802 1064
199608 1067 1392
199608 1395 1630
199608 1633 1904
199608 1907 1962
199608 1965 2252
199608 2255 2422
200188 1 24
200188 27 28
200188 31 76
200188 79 271
200188 274 352
207233 1 119
207233 121 155
207231 70 84
207231 86 121
207231 123 184
207231 187 189
207231 192 303
207231 306 354
207231 357 481
207231 484 504
207231 508 549
207231 552 626
207231 628 690
207231 693 875
207231 878 1000
207231 1003 1170
207231 1173 1187
207231 1189 1227
207231 1229 1415
207231 1418 1445
207231 1447 1505
206868 1 3
206868 10 16
206594 72 107
206594 110 246
206594 249 281
206595 1 34
206595 37 42
206595 45 193
206596 1 13
206596 15 220
206596 222 228
206596 231 236
206596 239 292
206596 295 695
206596 697 728
206596 730 810
206869 1 251
206869 253 271
206869 274 502
206869 507 520
206869 522 566
206869 568 752
206598 1 81
206598 83 103
206598 105 588
206598 591 657
206598 659 719
199429 1 28
199429 30 36
199429 39 55
199429 58 101
199429 103 148
199429 151 156
199428 61 197
199428 200 210
199428 212 382
199428 387 414
199428 417 436
199428 439 530
199428 533 648
200466 134 274
196239 1 59
196239 62 154
196239 157 272
196239 274 373
196239 375 432
196239 435 465
196239 468 497
196239 503 647
196239 650 706
196239 709 1025
199876 1 19
199876 22 95
199876 97 249
199876 252 272
199876 274 340
199876 343 362
199876 365 376
199877 1 173
199877 175 605
199877 607 701
199877 703 873
199875 70 150
199875 152 334
206446 92 141
206446 143 159
206446 162 205
206446 208 301
206446 304 442
206446 445 445
206446 448 474
206446 476 616
206446 619 872
206446 874 910
206446 912 948
206446 950 989
206446 992 1030
206446 1033 1075
206446 1109 1149
190705 1 5
190705 7 65
190705 81 336
190705 338 350
190705 353 383
206448 1 143
206448 145 559
206448 561 1170
206448 1173 1231
206448 1235 1237
208551 119 193
208551 195 212
208551 215 300
208551 303 354
208551 356 554
208551 557 580
199973 73 96
204544 1 11
204544 13 93
204544 96 195
204544 197 224
204544 226 334
204544 337 426
194691 61 104
194691 107 155
194691 158 251
194691 254 268
194691 271 272
194691 275 289
194691 292 313
194912 53 70
194912 72 96
194912 98 444
194912 446 450
194912 453 467
194912 470 561
194912 564 660
194912 663 813
194912 815 840
194912 843 864
194912 866 1004
194912 1007 1025
194912 1027 1067
194912 1069 1137
194912 1140 1166
194912 1168 1249
194912 1251 1304
194912 1307 1444
194912 1447 1487
194912 1489 1503
194912 1506 1662
194699 1 30
194699 32 52
194699 55 64
194699 67 71
194699 73 154
194699 157 215
194699 218 238
194699 241 259
194914 1 38
194915 1 74
202972 1 30
202972 33 184
202972 186 290
202972 292 295
202972 298 371
202972 374 429
202972 431 544
198063 1 37
198063 40 72
198063 74 124
198063 127 294
199961 1 211
199961 213 292
202314 67 104
202314 107 265
202314 268 284
196046 12 40
196047 1 64
196047 70 75
200961 1 115
196048 1 44
196048 46 48
196048 51 52
190659 33 167
201168 1 37
201168 39 275
201168 278 481
201168 483 558
201168 560 730
201164 1 8
201164 10 94
201164 96 125
201164 128 178
201164 180 198
201164 200 271
201164 274 416
201164 418 418
195775 1 57
195775 60 100
195775 103 170
195774 1 13
195774 16 137
195774 139 151
195774 154 162
195774 164 256
195774 258 276
195774 279 362
195774 365 466
195774 469 618
195774 620 649
195774 651 830
195776 1 63
195776 66 283
195776 286 337
195776 340 399
195776 401 409
195776 411 477
194825 72 117
194825 120 221
206066 89 155
206745 1 81
206745 84 199
206745 202 224
206745 227 237
206745 240 304
206745 306 318
206745 321 720
206745 723 796
206745 799 894
206745 897 944
206745 946 1106
206745 1108 1524
206745 1527 1862
206745 1988 1996
195147 132 282
195147 285 294
195147 297 331
195147 334 363
195147 366 442
195147 445 536
195147 539 562
200369 1 5
200369 8 61
200369 64 360
200369 363 439
200369 441 578
200369 580 603
200369 606 684
200369 686 686
200368 72 180
207488 1 63
207488 66 92
207488 95 113
207488 116 198
207488 200 250
207488 252 288
207488 291 365
207488 368 377
207488 379 440
194439 46 77
194439 79 106
202389 81 182
202389 185 190
202389 192 203
191859 1 28
191859 31 126
207518 1 59
207518 61 83
201554 70 86
201554 88 114
201554 116 127
207517 1 12
207517 15 57
199011 1 11
199011 13 27
191856 1 133
204555 1 329
204555 331 334
205086 95 149
196197 58 122
196197 125 179
196197 181 311
196197 313 516
196197 519 562
200992 1 405
200992 408 434
200992 436 581
196199 1 33
196199 36 83
196199 86 118
196199 121 147
196199 150 237
196199 239 285
196199 287 534
200990 75 143
193334 29 172
198269 3 199
198269 201 201
198269 203 203
194075 48 101
194075 103 111
200519 1 111
200519 114 126
200519 129 136
200519 138 224
200519 227 258
200519 261 350
200519 353 611
200519 613 757
200515 97 183
194643 1 287
208487 2 26
208487 29 159
208487 161 307
208487 309 459
208487 462 476
208487 479 632
199751 103 119
199751 121 127
194644 1 168
194644 171 181
194644 184 185
194644 187 319
194644 321 424
191411 1 23
206246 1 14
206246 16 237
206246 240 285
206246 288 407
206246 412 676
206246 678 704
206246 706 785
206246 787 962
206246 965 997
206246 1000 1198
206246 1201 1290
204599 73 83
204599 85 94
204599 97 121
204599 124 125
204599 128 173
204599 175 240
204599 243 245
204599 248 264
204599 266 292
204599 294 335
206243 62 169
206243 172 196
206243 199 354
206243 357 433
206243 435 448
206243 451 533
206243 536 554
206243 557 723
206243 726 905
205344 1 83
205344 86 104
205344 106 359
205344 362 431
205344 433 949
205344 951 967
205344 969 1127
205344 1129 1346
205344 1348 1586
200190 1 4
200190 6 76
200190 79 143
200190 146 159
200190 162 256
200190 258 321
200190 324 401
200190 403 453
200190 456 457
200190 460 565
200190 567 588
200190 591 591
200190 593 595
200190 597 646
200190 649 880
204601 1 25
204601 28 62
204601 65 80
204601 83 89
204601 92 290
204601 292 563
204601 565 591
204601 593 652
204601 655 780
204601 783 812
204601 814 892
204601 894 984
204601 986 1003
204601 1006 1038
204601 1040 1088
204601 1091 1102
204601 1105 1161
204601 1164 1255
194480 1 8
194480 17 32
194480 34 205
194480 207 375
194480 377 387
194480 389 759
194480 762 956
194480 959 1402
205833 84 86
205833 89 121
205833 123 155
205833 157 165
205833 167 173
205833 176 219
205833 221 267
205833 270 312
205833 315 346
205833 350 355
205833 360 366
205834 1 12
205834 14 202
193621 60 570
193621 573 769
193621 772 976
193621 979 1053
193621 1056 1137
193621 1139 1193
193621 1195 1371
193621 1373 1654
191090 1 55
205515 82 201
205515 203 216
199745 137 143
205519 1 47
205519 50 172
205519 175 367
205519 370 386
205519 389 472
194897 1 6
194897 8 78
194897 80 107
194896 34 55
194896 58 79
194896 82 103
201602 76 81
201602 83 194
201602 196 494
201602 496 614
201602 617 639
207515 79 109
207515 112 132
207515 134 208
207515 211 225
207515 228 320
207515 322 381
207515 383 498
207515 500 730
207515 733 849
207515 851 954
207515 957 994
207515 997 1052
207515 1055 1143
207515 1145 1211
195923 1 14
195925 1 12
195926 1 1
195926 3 19
195926 21 34
208351 83 97
208351 100 356
208351 359 369
208353 1 76
208353 78 269
208353 271 348
208357 1 70
208357 73 507
199833 1 13
199833 16 103
199833 105 250
199833 253 493
199833 496 794
199833 797 1032
199833 1034 1185
199833 1188 1239
207469 1 31
207469 34 51
194790 1 45
204114 1 364
206391 1 55
206391 57 98
207269 80 394
207269 397 436
207269 439 463
207269 466 551
207269 568 577
204113 82 96
204113 98 102
204113 105 127
204113 129 191
204113 194 258
204113 261 327
204113 329 388
204113 390 400
204113 402 583
204113 585 690
204113 693 693
204113 696 696
204238 23 52
204238 55 60
195633 40 42
206897 1 34
206897 38 61
206897 63 102
206897 109 109
206897 111 112
206897 114 131
206897 133 137
196249 63 77
196249 80 99
200991 1 42
200991 44 44
200991 47 80
200991 83 175
200991 178 181
200991 184 252
200991 255 632
200991 635 916
200991 918 1017
200991 1019 1049
194210 3 195
194210 198 217
194210 220 359
194210 361 555
208509 71 232
200049 1 177
198116 36 52
198116 54 55
198116 58 96
198116 98 112
190688 69 249
206245 1 62
207492 1 20
207492 23 298
206210 11 25
206210 28 275
206210 277 298
206210 300 383
206210 386 469
198230 1 33
198230 36 57
198230 60 235
198230 237 324
198230 326 388
198230 390 459
198230 462 625
198230 627 651
198230 653 805
198230 808 811
198230 814 948
198230 950 1090
198230 1093 1103
198230 1106 1332
198230 1335 1380
208341 1 84
208341 86 117
208341 120 513
208341 515 685
208341 688 693
208341 695 775
208341 777 824
191810 15 15
191810 22 49
191810 52 92
208428 1 58
208428 61 68
208428 70 156
208428 159 227
196019 54 68
198941 102 189
198941 191 220
198941 222 241
198941 243 249
198941 252 291
194076 1 9
194076 11 55
194076 58 163
194076 165 228
194076 230 264
194076 267 507
194076 509 527
194076 530 538
194076 541 562
194076 565 748
195115 1 7
195115 10 36
195114 1 69
195114 72 103
202299 68 84
202299 87 141
202299 143 193
202299 196 358
202299 361 379
202299 382 414
202299 416 452
202299 455 555
198346 44 57
195113 1 209
195113 212 388
195113 391 403
195113 406 419
195113 422 492
195113 495 579
195112 1 12
195112 15 26
202075 1 18
202075 21 187
202075 189 214
202075 217 247
202075 250 342
202075 345 406
202075 409 497
202075 500 537
202075 539 539
202075 542 560
202075 562 615
202075 618 630
202074 66 174
202178 67 78
202178 80 88
202178 91 177
202178 180 186
202178 188 337
202178 340 377
202178 379 425
202178 428 475
202178 478 548
202178 551 717
202178 720 965
202178 967 1444
202178 1447 1505
202178 1508 1519
202178 1522 1558
202272 76 112
202272 115 141
202272 144 185
202272 188 205
202272 208 305
202272 307 313
202272 315 371
202272 436 480
202272 483 555
202272 558 577
202272 579 683
202272 686 705
202272 707 740
202272 742 890
202272 937 1295
202272 1299 1481
193541 77 101
193541 103 413
193541 416 575
193541 578 619
202328 46 89
202328 92 156
202328 158 276
202328 278 291
202328 294 434
202328 437 460
202328 463 586
202328 588 610
202328 612 614
200075 76 139
200075 142 232
200075 256 326
200075 329 422
200075 425 431
200075 434 500
200075 502 605
195963 54 61
206199 1 75
206199 77 82
206199 85 117
201816 1 72
201816 74 105
201816 107 157
201817 1 274
201818 1 1
201819 1 94
201819 96 241
196349 65 84
196349 86 154
196349 157 244
196349 246 258
205908 68 200
205908 202 214
194619 31 110
206605 1 36
206605 39 82
207221 1 102
207220 1 160
200491 87 107
200491 110 149
200491 152 157
200491 160 197
200491 199 237
200491 240 270
200491 273 273
200491 276 334
200491 336 360
200491 363 448
207222 1 17
207222 20 289
202209 1 48
202209 51 159
205311 1 85
205311 88 92
205311 95 183
205311 186 395
205311 397 592
205311 595 910
205311 913 1260
205310 76 306
205310 309 313
205310 316 316
205310 319 321
205310 324 457
205310 460 559
206859 79 210
206859 212 258
206859 260 323
206859 325 356
206859 359 609
206859 612 681
206859 684 732
206859 734 768
206859 771 808
206859 811 827
206859 830 848
194314 52 130
194314 133 301
194315 1 10
194315 13 314
194315 317 428
194315 431 452
194315 455 467
194317 1 33
200473 96 157
200473 159 224
200473 226 304
200473 306 469
200473 472 524
200473 527 542
200473 545 619
200473 622 688
200473 691 730
200473 733 738
200473 740 1324
196200 1 68
196202 3 61
196202 64 108
196203 1 102
196203 107 135
201678 1 120
199864 1 87
199864 89 89
199864 92 103
199864 106 372
199864 374 385
199864 388 486
199867 1 134
199867 136 172
199867 174 218
199867 221 320
199862 59 142
208541 1 57
208541 59 173
208541 175 376
208541 378 417
201671 1 120
201671 122 174
201671 177 462
201671 464 482
201671 485 499
201671 501 545
201671 547 571
201671 574 614
201671 617 766
201671 768 896
201671 899 911
201671 914 1007
203894 82 272
203894 275 477
203894 480 902
203894 905 1322
199868 1 26
199319 1 7
199319 9 223
199319 226 277
199319 280 348
199319 351 358
199319 360 422
199319 424 490
199319 492 493
199319 496 612
199319 615 642
199319 645 720
199319 723 728
199319 730 731
199319 734 741
199319 744 943
199319 945 997
199703 1 94
199703 97 482
199703 485 539
206512 91 123
206512 125 133
206512 136 161
206512 163 190
206512 193 201
206512 203 212
206512 214 332
206512 334 584
206512 587 604
206512 607 1005
206512 1008 1123
206512 1126 1163
206512 1165 1211
206513 3 39
206513 42 188
206513 191 234
206513 237 238
206513 241 329
207454 79 95
207454 98 123
207454 126 259
207454 261 363
207454 365 458
207454 461 498
207454 501 609
207454 612 632
207454 635 781
207454 784 866
207454 869 974
207454 977 1064
207454 1067 1079
207454 1081 1321
207454 1323 1464
207454 1467 1569
207454 1571 1604
207454 1607 1712
207454 1714 1988
198372 57 114
194223 61 112
200600 1 183
200600 186 299
200600 302 313
200600 316 324
200600 327 334
200600 336 397
200600 399 417
200600 420 526
200600 529 591
200600 594 609
200600 611 660
200600 663 823
200600 826 900
200600 902 943
200600 945 1139
200600 1141 1142
195749 1 8
195749 10 33
195749 36 131
201173 1 194
201173 197 586
201174 1 214
201174 216 263
201174 265 339
201174 342 451
195013 94 144
195013 146 185
195013 187 206
195013 208 299
195013 302 324
195013 326 366
195013 369 447
195013 450 526
195013 528 541
195014 1 6
195014 9 119
195014 121 148
195015 1 13
195016 1 21
195016 23 55
195016 58 63
195016 65 174
195016 177 184
195016 186 241
195016 243 246
195016 248 251
195016 254 367
195016 370 422
195016 425 560
195016 563 569
198207 1 97
201197 1 23
201196 1 238
201196 241 278
201196 286 299
201196 302 338
201196 341 515
201196 518 720
201196 723 789
201196 803 841
196495 114 180
196495 182 272
191248 1 103
201193 1 19
191247 1 153
191247 156 280
191247 283 606
191247 608 620
191247 622 818
191247 821 834
191247 837 1031
191247 1034 1046
191247 1049 1140
191247 1143 1187
191247 1190 1214
191247 1217 1224
198208 1 92
198208 94 134
198208 137 147
198208 150 209
202237 39 128
202237 131 131
202237 134 219
202237 222 235
202237 238 275
202237 277 289
202237 291 316
202237 319 419
202237 422 538
202237 540 936
202237 939 950
202237 952 976
202237 979 1081
199008 75 93
199008 95 121
199008 124 208
199008 211 331
199008 333 373
199008 376 482
199008 485 605
199008 608 644
198272 1 185
198272 188 245
198272 248 314
198272 317 433
198272 436 444
198272 454 625
198271 1 91
198271 93 170
198271 173 299
198271 301 450
198271 453 513
198271 516 616
198271 619 628
198271 631 791
198271 793 797
205694 1 205
205694 208 230
205694 233 347
205694 350 452
205694 455 593
205694 595 890
205690 1 40
195841 74 90
206258 1 36
206258 39 223
206258 226 249
206257 1 29
202044 84 101
202044 104 266
202044 268 461
202044 463 466
202045 1 30
202045 33 72
202045 75 528
202045 531 601
202045 603 785
202045 788 809
202045 822 825
200180 1 18
194711 1 7
194711 9 619
194712 1 56
194712 61 418
194712 420 625
194712 627 759
205826 80 232
205826 235 303
205826 306 469
191367 1 2
206744 49 157
206744 160 192
206744 195 395
206744 398 452
201202 1 437
205217 1 12
205217 16 111
205217 113 171
205217 174 250
205217 253 322
195937 1 28
195937 31 186
195937 188 400
195304 1 3
195304 6 22
195304 27 80
195304 83 100
195304 103 154
195304 157 341
195304 344 588
195304 590 727
195304 729 1003
195304 1006 1079
195304 1083 1140
195304 1143 1229
205526 1 269
205526 272 277
205526 280 332
195930 1 77
195930 80 176
195930 179 526
195930 529 596
199754 1 203
199754 205 325
199754 328 457
199754 459 607
199754 610 613
199754 615 806
199754 808 998
199753 1 59
199752 1 141
199752 144 180
199752 182 186
199752 188 211
199752 214 322
199698 72 94
199698 96 127
199699 1 154
199699 157 169
199699 172 410
199699 412 756
191062 1 1
191062 3 3
191062 5 214
191062 216 549
193207 54 182
190895 64 202
190895 210 302
190895 305 584
190895 587 948
194199 92 227
194199 229 336
194199 339 402
196334 59 111
196334 113 123
196334 126 132
196334 135 167
196334 170 193
196334 196 257
196334 259 267
196334 270 289
196334 292 348
199356 95 121
199356 123 168
199356 171 205
199356 208 233
195929 1 29
195303 109 191
195303 194 277
195303 280 310
195303 312 316
195303 318 409
206550 77 132
206550 135 155
207490 1 48
207490 51 111
207491 1 176
207491 179 458
206389 88 185
206389 187 249
206389 252 272
206389 275 392
203985 1 10
203986 1 45
203987 1 9
203987 12 241
203987 243 339
203987 342 781
203987 784 1014
194789 1 18
194789 21 32
194789 34 80
194789 82 166
194789 168 269
194789 272 405
194789 409 414
194789 417 427
194789 430 566
208540 1 26
208540 29 98
204101 1 83
204100 117 139
202469 87 158
202469 160 174
202469 177 352
207924 1 52
207924 54 171
207924 173 178
207924 181 339
207922 1 69
207922 71 100
207922 103 126
207922 129 242
207922 274 291
207920 84 146
207920 149 241
207920 243 261
207920 264 291
207920 294 486
207920 489 518
207920 520 598
207920 600 708
207920 710 826
207921 1 37
207921 40 58
194224 1 126
194224 129 206
194224 208 250
194224 253 309
194224 312 386
194224 389 412
194225 1 23
194225 26 47
194225 49 85
194225 88 156
194225 177 178
196252 1 38
196250 1 2
196250 5 265
196250 267 426
196250 430 430
201708 1 87
208538 2 43
201705 65 73
201705 75 109
201705 111 187
201706 1 62
201707 1 23
201707 26 42
201707 45 115
201707 118 130
201707 133 160
201707 163 276
201707 279 471
201707 473 511
201707 514 545
201707 547 570
201707 572 622
201707 625 735
201707 738 806
201707 809 876
201707 879 964
198249 1 7
204576 49 192
204576 195 301
201097 83 136
201097 138 245
201097 248 300
201097 303 370
201097 372 429
201097 432 502
199318 65 138
195656 1 362
194533 46 379
194533 382 415
194533 417 618
194533 620 872
195658 1 37
195658 40 362
195658 364 382
195658 384 386
196027 1 55
196027 58 119
196027 121 155
196027 158 190
201794 58 100
200381 8 15
200381 18 36
200381 38 89
200381 91 198
191721 1 1
191721 3 34
191721 36 183
191721 186 189
191726 1 13
202088 1 286
202087 1 25
202087 28 208
202087 210 357
202087 359 652
202087 655 853
202087 856 1093
202084 83 156
202084 159 177
202084 179 180
202084 182 239
194120 1 162
194120 165 406
208390 72 128
208390 130 169
208391 52 82
208391 84 162
208391 164 216
208391 219 493
208391 495 498
208391 500 523
208391 526 533
208391 535 588
208391 591 660
208391 663 869
194455 45 64
194455 67 140
194455 142 255
194455 293 303
196509 1 68
195530 1 80
195530 82 104
195530 107 156
195530 159 300
195530 302 405
205620 1 175
207100 1 91
207100 94 98
205781 1 89
205781 91 197
205781 200 509
191201 38 49
191201 52 79
202305 1 89
202305 92 130
202305 133 323
191202 1 64
191202 66 68
191202 87 105
191202 108 118
193557 1 84
193556 41 83
195970 44 49
195970 51 85
207882 22 45
202014 1 5
202014 8 14
202014 16 18
202014 20 77
202014 79 102
202014 104 174
202014 177 190
202014 192 196
195655 1 129
195655 131 184
195655 186 260
195655 263 350
195655 353 446
195655 448 483
195655 485 498
208307 2 42
208307 45 45
208307 47 70
208307 72 147
208307 150 252
208307 256 259
208307 262 275
208307 278 342
208307 345 450
208307 453 527
208307 530 583
208307 586 605
208307 608 616
208307 618 667
208307 670 761
208307 763 798
208307 800 889
208307 891 893
208307 896 1055
208307 1057 1205
208307 1208 1294
208307 1297 1328
202013 1 2
202013 5 35
202013 38 57
202012 98 121
202012 126 131
206187 107 169
206187 172 242
206187 245 288
206187 290 340
206187 343 427
206187 429 435
206187 437 486
206187 489 569
206187 571 647
206187 649 662
206187 664 708
201802 68 209
201802 211 214
201802 216 220
201802 223 288
201802 290 296
194150 42 127
194150 129 261
194150 264 311
194151 47 72
194151 75 191
194151 193 238
194151 240 619
194151 621 624
194151 627 627
207214 57 112
207214 114 177
207214 179 181
207214 184 196
207214 199 220
207214 223 262
207214 265 405
207214 408 482
207214 485 640
207214 643 708
207214 718 757
207214 759 808
207214 811 829
207217 1 32
196453 1 74
196453 77 145
196453 147 669
196453 673 714
196453 717 799
196453 802 988
196453 991 1178
196453 1180 1180
196453 1182 1248
196453 1250 1528
196453 1531 1647
207886 1 30
207886 32 90
207886 92 156
207886 158 166
207886 168 171
207219 1 112
195540 68 123
195540 126 137
195540 140 283
195540 286 323
195251 1 131
195251 134 137
195251 140 152
195251 154 165
195251 167 249
205718 49 75
205718 78 97
205718 100 103
205718 105 176
205718 178 338
205718 341 361
205718 363 524
205718 527 531
205718 534 589
205718 591 734
205921 22 73
205921 76 268
205921 271 394
205921 397 401
205921 410 428
205921 431 498
205921 500 571
205921 574 779
205921 782 853
190703 1 252
190702 51 53
190702 55 122
190702 124 169
190707 1 237
190707 239 257
190706 1 126
199409 25 54
199409 56 89
199409 91 204
199409 206 290
199409 293 583
199409 586 602
199409 604 1014
199409 1016 1300
190704 1 3
190708 1 189
206866 1 30
206866 33 113
206866 115 274
194303 56 66
194303 69 102
196218 55 199
196218 201 224
196218 226 393
196218 396 494
196218 496 737
196218 739 741
196218 744 752
196218 754 757
196218 759 820
194305 1 86
194304 1 43
194304 46 46
193336 1 264
193336 267 492
193336 495 684
193336 687 729
193336 732 951
201669 1 9
201669 12 136
201669 139 141
201669 143 165
201668 78 157
195099 70 144
195099 147 186
195099 189 208
195099 211 224
195099 227 265
206466 24 137
206466 140 277
206466 280 296
206466 299 303
206466 306 405
206466 407 419
206466 422 477
206466 480 511
206466 514 682
190906 73 256
190906 259 354
190906 356 496
200041 62 83
200041 85 157
200041 162 274
200041 277 318
200041 321 335
200041 337 386
200041 388 389
200041 392 400
200041 402 568
200041 571 593
200041 595 646
200041 649 728
200041 731 860
200041 862 930
200041 932 1096
200042 1 110
200042 112 536
204567 1 38
204566 1 12
204565 1 48
204564 1 84
204564 87 89
204564 92 159
204564 161 187
204564 190 191
204564 193 293
204564 296 315
204564 317 340
204564 343 427
204564 429 434
204564 437 735
204564 737 855
204564 858 1206
204564 1209 1248
204564 1251 1284
204563 91 99
204563 102 178
204563 180 219
204563 222 229
204563 231 364
204563 366 366
204563 369 470
204563 473 524
204563 527 571
194051 1 12
206484 73 95
206484 98 133
206484 136 163
206484 166 186
206484 189 384
206484 387 463
206484 465 551
206484 554 554
206484 556 673
194119 1 229
194119 232 261
198049 1 11
198049 14 57
202333 1 251
195757 1 82
195757 85 115
195757 118 161
195757 163 206
190679 1 55
195758 1 18
195164 1 64
195165 1 4
195165 7 41
195165 44 54
195165 56 153
195165 156 260
195165 263 277
201062 78 270
195163 72 138
195163 140 224
195163 227 240
195163 243 243
195163 246 347
194270 56 73
199564 1 3
206302 1 8
206302 11 33
206302 36 44
206302 47 82
206302 84 108
206302 110 149
206302 151 186
206302 189 229
206302 231 232
206302 234 241
206302 243 276
201692 78 81
201692 83 180
199569 1 2
199569 5 136
199569 139 367
206304 1 4
206304 6 70
198215 1 12
202205 94 114
198210 1 221
198213 1 107
198212 1 574
191271 56 223
191271 225 363
205193 80 109
205193 111 349
205193 352 486
205193 488 650
205193 652 712
205193 714 902
191720 1 1
191720 3 15
191720 17 181
191276 1 16
191277 1 28
191277 30 164
191277 167 253
191277 255 457
191277 460 535
191277 537 576
191277 579 775
191277 778 811
191277 813 849
191833 1 1
191833 3 103
191830 54 242
191830 245 301
191830 304 393
191837 1 44
191837 47 53
191837 56 65
191834 1 30
191834 33 74
191834 77 299
191834 302 352
207905 75 196
207905 198 281
207905 284 329
207905 331 402
207905 404 565
207905 568 672
207905 675 805
207905 807 850
207905 852 861
207905 864 884
207905 886 1180
207905 1183 1283
207905 1285 1331
207905 1333 1515
207905 1518 1734
207905 1737 1796
206188 1 40
206188 42 58
205667 1 165
205667 168 282
205667 285 318
205667 321 412
205667 415 689
205667 692 751
205667 754 774
205667 777 1109
205666 60 119
205666 122 165
205666 168 259
205666 261 322
205666 325 578
205666 580 594
205666 597 721
205666 724 739
201115 1 75
201114 1 14
194117 1 38
205683 76 82
205683 85 178
205683 181 198
205683 201 305
194115 66 184
194115 186 338
194115 340 346
194115 348 493
194115 496 731
194115 819 857
194052 1 99
194052 102 166
200532 1 59
194050 53 113
194050 116 273
194050 275 355
194050 357 369
194050 372 391
194050 394 490
194050 492 814
194050 816 1435
194050 1437 1735
194050 1760 1888
206303 1 19
206303 23 286
194704 1 41
194704 44 545
194704 548 592
196437 1 1
196437 3 74
196437 77 169
194702 1 138
194702 141 191
202116 59 64
207398 1 14
207398 16 35
196438 1 181
196438 184 699
196438 701 1269
202054 6 266
202054 268 489
202054 492 605
202054 608 631
203909 79 113
203909 116 117
203909 120 140
203909 143 382
194464 1 127
194464 130 142
194464 145 210
196531 62 150
196531 152 253
196531 256 285
196531 288 302
196531 305 422
196531 425 440
207099 83 134
207099 137 172
207099 175 213
207099 216 314
207099 316 320
207099 323 330
207099 333 367
207099 370 481
207099 484 602
207099 605 755
207099 757 1046
207099 1048 1171
200229 1 33
200229 41 219
200229 222 244
200229 247 290
200229 293 624
200229 627 629
205618 1 12
205617 1 29
205617 32 102
205617 105 123
205617 125 140
205617 143 264
205617 266 448
205617 451 532
205617 534 547
205614 1 4
205614 7 40
200152 74 152
195947 23 62
195947 64 88
195948 51 116
195948 119 144
195948 147 147
195948 150 352
195948 355 369
195948 372 402
195948 404 500
195948 503 540
195948 543 565
195948 567 602
195948 605 615
191695 1 1
191718 43 95
191718 98 207
190945 124 207
191056 1 1
191056 4 9
191056 16 17
191056 19 19
191057 1 1
191057 4 55
191057 58 65
190949 1 81
194027 53 115
201625 211 312
201625 315 348
201625 351 416
201625 418 588
201625 591 671
201625 673 758
201625 760 791
201625 793 952
201624 83 92
201624 95 240
201624 270 270
193124 1 52
208339 77 89
208339 91 122
208339 125 208
208339 211 346
208339 349 363
207320 1 110
207320 112 350
193123 1 27
207898 1 33
207898 36 57
207898 60 235
207898 239 257
207898 260 288
206542 1 115
206542 117 165
206542 168 511
206542 514 547
206542 550 603
206542 606 668
206542 671 727
206542 730 739
206542 741 836
207487 50 98
207487 101 311
207487 313 359
207487 363 468
207487 471 472
208686 73 79
208686 82 181
208686 183 224
208686 227 243
208686 246 311
208686 313 463
203992 1 15
203991 1 3
203994 1 56
203994 59 136
203994 139 304
203994 306 342
203994 344 425
205339 71 175
205339 178 213
205339 216 230
205339 233 262
205339 265 404
199436 1 113
199436 116 254
199436 257 675
199436 678 748
199435 63 106
199435 109 261
199435 263 579
199435 582 654
199435 656 696
199435 699 1034
199435 1037 1144
199435 1147 1327
199435 1330 1411
199435 1414 1431
199435 1434 1441
199435 1444 1487
199435 1489 1610
204250 92 118
204250 121 177
204250 179 285
204250 287 336
204250 339 400
204250 403 521
204250 524 543
204250 546 682
204250 684 803
190738 1 130
190738 133 226
190738 229 355
190733 71 96
190733 99 389
190733 392 460
190736 1 80
190736 83 185
201718 58 113
199960 72 139
199960 141 197
199960 204 232
199960 235 363
199960 365 367
199960 370 380
199960 383 459
199960 461 466
199960 469 485
198522 65 144
198522 147 208
201658 1 19
201658 21 118
201658 121 136
201658 139 292
201657 77 93
201657 95 108
201657 110 118
198485 68 109
198485 112 134
198485 136 181
198485 184 239
198487 1 145
198487 147 514
198487 517 668
198487 671 733
198487 736 757
198487 760 852
198487 854 994
198487 997 1434
198487 1437 1612
204554 1 5
204554 7 221
204554 224 455
204554 458 470
204554 472 481
204554 483 514
199336 1 33
199336 36 122
199336 125 231
199336 234 614
199336 617 789
199336 791 977
204552 1 9
204553 1 51
204553 53 60
204553 63 101
204553 103 104
206940 1 151
206940 153 153
206940 155 298
206940 301 382
206940 384 712
206940 715 803
206940 805 960
206940 963 1027
193834 1 35
193835 1 20
193835 22 26
193836 1 2
202504 77 96
202504 99 133
202504 135 182
202504 184 211
202504 213 241
202504 243 392
202504 395 527
202504 529 617
202504 620 715
202504 718 763
202504 766 1172
202504 1174 1247
202504 1250 1471
202504 1474 1679
202504 1682 1704
190646 1 111
190645 10 110
208427 49 89
208427 92 161
208427 164 164
208427 166 173
208427 175 268
208427 271 312
208427 315 315
208427 317 335
208427 337 361
208427 364 402
208427 404 422
208427 425 577
208427 580 647
193999 1 50
193998 66 113
193998 115 278
198969 58 81
198969 84 247
198969 249 323
198969 325 365
198969 367 413
198969 416 466
198969 468 643
198969 646 918
198969 920 1011
198969 1013 1175
198969 1178 1236
198969 1239 1277
208429 1 56
208429 59 139
208429 141 159
208429 162 237
208429 240 440
208429 442 452
208429 455 589
208429 592 712
208429 715 922
206088 86 159
206088 161 178
206088 181 199
206088 202 286
195647 1 41
201159 70 211
195649 1 69
195649 72 151
195649 154 181
195649 183 247
200976 94 164
202477 1 129
202477 131 150
202472 1 96
202472 99 112
204541 5 39
204541 42 42
204541 44 139
204541 142 149
204541 151 204
202478 1 177
202478 180 183
202478 186 219
202478 222 360
202478 362 506
202478 509 531
202478 534 718
202478 720 927
202478 929 973
202478 975 1029
202478 1031 1186
202478 1189 1212
202478 1215 1248
193193 1 6
193193 8 8
193193 11 83
193193 86 120
193193 122 160
193193 162 274
193193 276 495
193193 497 506
193192 58 86
207397 32 77
207397 80 140
207397 143 179
202093 1 104
202093 107 320
202093 322 360
207477 76 104
207477 107 111
207477 114 147
207477 150 295
207477 298 483
207477 486 494
207477 497 527
207477 530 563
207477 565 570
194424 63 141
194424 144 195
194424 198 266
194424 268 421
194424 424 478
194424 481 531
194424 534 553
194424 556 708
194428 1 85
194428 87 122
194428 125 294
194428 296 465
194429 1 4
194429 7 54
194429 57 147
194429 150 411
194429 413 742
194429 745 986
194429 988 1023
199021 59 88
199021 91 128
199021 130 133
199021 136 309
199021 311 333
199021 335 410
199021 414 469
199021 471 533
199021 535 563
199021 565 1223
199021 1226 1479
199021 1481 1494
201278 62 163
201278 166 229
201278 232 256
201278 259 316
201278 318 595
201278 598 938
201278 942 974
201278 976 1160
201278 1163 1304
201278 1306 1793
201278 1796 1802
201278 1805 1906
201278 1909 1929
201278 1932 2174
205158 81 289
205158 292 313
205158 315 473
205158 476 591
205158 594 595
205158 597 612
205158 615 663
205158 665 667
205158 672 685
205158 687 733
205158 736 741
191226 77 78
191226 81 831
191226 833 1454
191226 1456 1466
191226 1469 1507
191226 1510 1686
205774 1 80
205777 1 9
199812 70 141
199812 144 163
199812 182 211
199812 214 471
199812 474 505
199812 508 557
199812 560 571
199812 574 623
199812 626 751
199812 754 802
195868 1 88
195868 90 107
195868 110 205
196363 1 8
196363 11 34
196362 1 88
195399 1 192
195399 194 382
195399 384 394
195398 3 137
195398 139 494
195398 497 585
195398 587 817
195398 820 824
195398 827 1225
195398 1228 1307
195398 1309 1712
195398 1721 1736
195398 1741 1752
195398 1767 1795
201679 1 110
201679 112 241
201679 244 298
201679 302 321
201679 324 461
201679 463 493
194631 1 42
194631 44 100
194631 102 169
194631 171 222
196364 1 93
196364 96 136
196364 139 365
196364 368 380
196364 382 601
196364 603 795
196364 798 884
196364 887 1196
196364 1199 1200
196364 1203 1302
195390 1 1
195390 4 27
195390 30 145
195390 147 183
195390 186 187
195390 190 208
195390 210 213
195390 215 410
195397 1 10
195397 12 89
195397 92 120
195397 123 141
195397 143 251
195397 253 253
195397 256 475
195397 478 525
195397 527 608
195397 611 776
195397 779 970
195397 972 1121
195397 1123 1181
195397 1184 1198
195397 1200 1209
195396 49 55
195396 58 63
195396 66 131
194735 44 71
194735 74 101
194735 104 130
194735 133 136
195551 91 106
195552 1 21
195552 23 27
195552 30 147
195552 149 155
195552 158 182
195552 185 287
195552 290 349
195552 352 469
195552 472 815
195552 818 823
195552 825 883
195552 885 1152
195552 1154 1300
195552 1303 1391
195552 1394 1789
203002 77 128
203002 130 141
203002 144 207
203002 209 267
203002 270 360
203002 362 501
203002 504 641
203002 643 669
203002 671 671
203002 674 717
203002 720 1034
203002 1037 1070
203002 1073 1370
203002 1372 1392
203002 1395 1410
203002 1413 1596
201613 1 42
201613 44 49
201613 53 210
201613 213 215
201613 218 225
201613 228 659
201611 87 145
201611 149 182
201611 184 186
195919 1 15
195918 1 44
195918 46 46
195918 49 64
195915 1 109
195915 111 275
195915 278 390
195915 393 417
195915 419 429
195915 432 505
195915 507 747
195915 749 785
195915 787 828
195915 830 850
195917 1 4
195916 1 16
195916 19 68
195916 71 212
200599 75 129
200599 132 137
206572 37 47
206573 2 14
206478 1 27
206478 29 136
206478 139 147
206574 1 87
206575 1 7
206575 10 10
206575 12 75
206477 1 14
206477 16 31
206477 33 41
206477 44 51
206477 53 70
206477 73 75
206477 77 89
206477 91 94
206477 97 115
206477 118 184
206476 73 129
206476 133 137
206476 140 141
206476 143 219
207372 1 27
207372 30 113
207372 116 154
207372 156 174
207372 176 478
207372 480 501
202016 1 48
202016 51 134
202016 137 177
202016 179 743
202016 745 831
202016 834 890
202016 893 896
202016 898 932
202016 934 1016
207273 3 877
190782 55 181
190782 184 233
190782 236 399
190782 401 409
206901 1 98
204511 1 60
206906 1 31
206906 38 94
206906 96 136
206906 138 139
206906 142 149
206906 151 175
206906 177 218
207371 72 117
207371 120 124
207279 68 138
207279 141 149
207279 151 237
207279 240 266
207279 269 307
207279 309 416
207279 498 551
207279 554 640
207279 643 961
207279 963 1095
207279 1098 1160
